Uniform
0.567019609360335
0.244340900689818
0.687517774961428
0.371772280242594
0.197137493992544
0.729252675541899
0.550121350567934
0.236935044703762
0.469356532625531
0.496387364898308
0.149822406347331
0.537113678946468
0.430427153867813
0.769831715820216
0.857401477582346
0.694238970992301
0.0752749975763144
0.478723778711409
0.864382994581272
0.630654185826707
0.464206264567344
0.324290707039046
0.992519256828416
0.212966600946226
0.267501810909088
0.522571848434679
0.669198599123341
0.0261777924490684
0.7151680154676
0.0218939957492937
0.234914437852673
0.338569500380385
0.353249769670065
0.161773808650101
0.756774599815645
0.0592787489475187
0.277519558365067
0.281235115558368
0.752626572723155
0.113636163835914
0.461117649541702
0.0521665985855092
0.38709778939528
0.0246265903549549
0.414858123875661
0.729301157868746
0.201738591374727
0.683316790536943
0.630594979319988
0.856914275250264
0.238838276034805
0.025976347833867
0.747049366356431
0.981687014197649
0.724111092532725
0.556191527878996
0.633983442973622
0.587950612407085
0.661210627389561
0.825552687594657
0.0170697776837885
0.322455662958665
0.509069782342264
0.834825592096977
0.751735033885333
0.82196576002384
0.766800878652406
0.88292052226525
0.981057899254338
0.622597441971666
0.125752522465291
0.980191154087078
0.917501809535387
0.896126420782295
0.528430501425915
0.775398802435444
0.220974404729355
0.0288198718101201
0.439293774003149
0.813188912868992
0.218294526243133
0.905109595476797
0.805883785942626
0.840650058563452
0.564075065751737
0.114010274731961
0.66901534649837
0.200853394378227
0.0453709186317996
0.572335486136617
0.428435238272415
0.239231161929038
0.222746328419744
0.495188876097582
0.294539612734628
0.664983590842972
0.238923707189278
0.214279409597511
0.202229680581727
0.193067789269035
